alpha R1 R2 NOE Magn_field(MHz) 600
1	n	n	n
2	n	n	n
3	1.6630303030303029	1.9340490797546013	-0.324773413897281
4	n	n	-0.31208459214501516
5	1.561212121212121	3.9079754601226995	-0.028700906344410915
6	n	n	0.1743202416918429
7	n	n	-0.1006042296072508
8	2.027878787878788	3.1303680981595092	0.17009063444108763
9	1.6715151515151514	3.8680981595092025	-0.0033232628398791597
10	n	n	0.3984894259818731
11	n	n	0.013595166163141936
12	n	4.326687116564417	0.14471299093655576
13	n	n	0.02628398791540787
14	n	n	0.3138972809667674
15	1.7309090909090907	3.76840490797546	0.11510574018126885
16	n	n	0.009365558912386662
17	2.1636363636363636	4.705521472392638	0.03474320241691842
18	1.476363636363636	4.346625766871165	-0.007552870090634434
19	1.8496969696969696	4.406441717791411	0.15317220543806653
20	n	n	0.03897280966767369
21	2.0787878787878786	5.542944785276074	0.08126888217522654
22	1.6884848484848483	5.7024539877300615	0.10241691842900302
23	n	n	0.15317220543806653
24	n	n	0.10241691842900302
25	2.1127272727272723	n	0.022054380664652595
26	1.6375757575757575	4.326687116564417	0.05166163141993951
27	1.8496969696969696	3.9877300613496933	0.05166163141993951
28	n	n	-0.12598187311178255
29	1.4933333333333332	n	-0.016012084592145093
30	1.5866666666666664	3.2699386503067482	0.10241691842900302
31	1.4678787878787878	3.1901840490797544	0.11933534743202412
32	2.0448484848484845	n	0.06435045317220545
33	1.858181818181818	n	-0.02447129909365564
34	n	n	0.12779456193353467
35	n	n	-0.0033232628398791597
36	n	4.506134969325153	0.05166163141993951
37	1.7987878787878786	n	0.3308157099697885
38	2.121212121212121	4.904907975460122	0.11933534743202412
39	1.8072727272727271	3.6288343558282206	0.04743202416918424
40	1.7818181818181817	5.124233128834356	0.09818731117824775
41	1.7478787878787876	3.76840490797546	0.1404833836858005
42	n	n	0.381570996978852
43	1.7733333333333332	4.1871165644171775	0.14471299093655576
44	2.562424242424242	4.306748466257669	0.3688821752265862
45	n	n	0.08549848942598182
46	n	n	0.1574018126888218
47	n	n	-0.058308157099697944
48	1.544242424242424	3.469325153374233	0.16163141993957708
49	n	n	-0.007552870090634434
50	1.6630303030303029	3.9079754601226995	0.19969788519637455
51	n	3.7085889570552144	0.01782477341389721
52	1.6969696969696968	3.728527607361963	0.06858006042296072
53	2.0957575757575757	4.625766871165644	-0.02447129909365564
54	1.8496969696969696	3.429447852760736	0.01782477341389721
55	1.9260606060606058	3.7484662576687113	-0.0033232628398791597
56	n	n	-0.016012084592145093
57	1.6969696969696968	4.54601226993865	-0.0033232628398791597
58	1.8921212121212119	3.6487730061349692	-0.0033232628398791597
59	1.8072727272727271	5.104294478527607	0.191238670694864
60	1.595151515151515	4.785276073619632	0.10241691842900302
61	n	n	0.1235649546827794
62	n	n	0.072809667673716
63	1.561212121212121	3.808282208588957	0.11933534743202412
64	1.7309090909090907	3.6288343558282206	0.03474320241691842
65	n	n	-0.2528700906344411
66	1.7987878787878786	2.73159509202454	-0.1006042296072508
67	2.2824242424242422	3.389570552147239	0.005135951661631388
68	1.4339393939393938	3.0107361963190185	-0.2190332326283988
69	1.875151515151515	2.6319018404907975	-0.05407854984894267
70	1.6799999999999997	2.7515337423312882	-0.1682779456193354
71	1.7393939393939393	3.4095092024539877	-0.28247734138972813
72	1.7563636363636361	3.1104294478527605	-0.09214501510574025
73	1.79030303030303	3.8680981595092025	-0.07945619335347431
74	1.6799999999999997	3.0904907975460123	-0.06676737160120849
75	1.4848484848484846	3.888036809815951	-0.02447129909365564
76	1.9175757575757575	4.067484662576687	-0.12598187311178255
77	1.476363636363636	3.6487730061349692	-0.2190332326283988
78	n	n	-0.028700906344410915
79	n	n	0.01782477341389721
80	1.79030303030303	4.645705521472393	-0.10483383685800607
81	1.9430303030303029	4.346625766871165	0.009365558912386662
82	1.6036363636363635	3.25	-0.03293051359516619
83	1.6799999999999997	3.5889570552147236	-0.011782477341389708
84	1.9175757575757575	3.1303680981595092	-0.04138972809667674
85	2.027878787878788	3.50920245398773	0.01782477341389721
86	1.7393939393939393	3.429447852760736	-0.17673716012084595
87	1.8072727272727271	2.9907975460122698	-0.04138972809667674
88	n	n	-0.07522658610271904
89	1.8666666666666665	3.289877300613497	-0.13867069486404837
90	1.4509090909090907	3.1503067484662575	0.02628398791540787
91	1.6799999999999997	3.170245398773006	-0.15558912386706947
92	1.5527272727272725	3.170245398773006	-0.18942598187311177
93	1.9939393939393937	4.406441717791411	0.06012084592145017
94	n	n	0.06012084592145017
95	1.6969696969696968	3.808282208588957	0.04743202416918424
96	1.9939393939393937	3.6487730061349692	0.05589123867069479
97	n	n	0.32235649546827794
98	1.8921212121212119	3.76840490797546	0.1066465256797583
99	1.5866666666666664	4.326687116564417	n
100	1.909090909090909	4.306748466257669	0.1574018126888218
101	2.1127272727272723	3.4892638036809815	0.043202416918428965
102	2.0448484848484845	3.6288343558282206	n
103	1.7478787878787876	4.2469325153374236	0.18277945619335345
104	1.858181818181818	4.266871165644171	0.06012084592145017
105	n	n	0.022054380664652595
106	n	n	-0.049848942598187285
107	1.7478787878787876	3.6288343558282206	0.08549848942598182
108	n	n	n
109	1.875151515151515	3.76840490797546	-0.028700906344410915
110	1.9006060606060604	3.9877300613496933	0.0009063444108761143
111	1.8327272727272725	3.329754601226994	-0.049848942598187285
112	1.7563636363636361	3.4095092024539877	-0.02447129909365564
113	1.8072727272727271	4.087423312883436	-0.1513595166163142
114	n	n	-0.1682779456193354
115	1.6884848484848483	4.127300613496932	-0.03716012084592146
116	1.7563636363636361	4.446319018404908	-0.020241691842900367
117	n	n	n
118	1.6206060606060604	4.585889570552147	-0.13021148036253782
119	1.6630303030303029	4.54601226993865	0.009365558912386662
120	n	n	0.1066465256797583
121	1.9515151515151512	5.363496932515337	n
122	1.7563636363636361	5.662576687116564	0.1066465256797583
123	1.629090909090909	3.3696319018404908	-0.06253776435045322
124	1.7224242424242422	4.007668711656442	n
125	1.3915151515151514	3.888036809815951	0.01782477341389721
126	1.8072727272727271	4.386503067484663	0.05166163141993951
127	n	n	n
128	n	n	n
129	1.3915151515151514	3.8282208588957056	0.03474320241691842
130	1.8157575757575755	3.25	0.19969788519637455
131	n	n	n
132	n	n	-0.15981873111782474
133	n	n	0.18277945619335345
134	n	n	n
135	1.7563636363636361	2.9907975460122698	0.02628398791540787
136	2.18060606060606	2.73159509202454	0.0009063444108761143
137	1.6884848484848483	2.5920245398773005	-0.04561933534743201
138	n	n	n
139	n	n	-0.24864048338368583
140	n	n	-0.6969788519637463
